%YAML:1.0
---
intrinsic: !!opencv-matrix
   rows: 3
   cols: 3
   dt: d
   data: [ 5.7676473334939226e+02, 0., 3.2108661199975330e+02, 0.,
       5.7659577304127572e+02, 2.3379326055411508e+02, 0., 0., 1. ]
distortion: !!opencv-matrix
   rows: 1
   cols: 5
   dt: d
   data: [ -1.2974438965267243e-01, 5.8147428099409670e-01,
       -6.9962431415323987e-03, 3.6420062709177823e-03,
       -1.1958039271165244e+00 ]
